usually I do:
high_threshold[][] = baseline_read + 100
low_threshold[][] = high_threshold[][] + 300/350
and if it's not in line with the tactility tweak the 300/350 to reach that

175, 142, 245, 138, 280, 197, 174, 115, 167, 163, 95
102, 145, 183, 160, 187, 197, 268, 269, 239, 136, 0
 97, 266, 170, 189, 167, 197, 188, 261, 206, 148, 0
 10, 123, 184, 144,  11, 198,  12, 158, 116,   9, 0

1022, 1022, 1022, 1022, 1022, 1022, 1022, 1022, 1023, 1022, 724
1022, 1022, 1022, 1022, 1022, 1022, 1022, 1022, 1022, 1022, 0
1022, 1022, 1022, 1022, 1023, 1022, 1022, 1022, 1022, 1022, 0
  11, 1022, 1022, 1022,   16, 1022,   22, 1022, 1022,   12, 8
